47.6748,167.9282,-126.3282,25.8609,16.6934,-40.867
167.9282,-139.1469,109.3111,79.3329,-108.3669,125.2008
-126.3282,109.3111,120.9065,-42.5041,114.124,165.2804
25.8609,79.3329,-42.5041,136.9923,-5.4091,-170.5765
16.6934,-108.3669,114.124,-5.4091,-35.1175,-176.9402
-40.867,125.2008,165.2804,-170.5765,-176.9402,-117.191
